7225455
7225908
7225755
7225264
3655623
7225102
7225952
7225066
7225811
7225662
7225089
7225455
7225908
7225755
7225264
3655623
7225102
7225952
7225066
7225811
7225662
7225089
7225455
7225908
7225755
7225264
3655623
7225102
7225952
7225066
7225811
7225662
7225089
7225455
7225908
7225755
7225264
3655623
7225102
7225952
7225066
7225811
7225662
7225089
7225455
7225908
7225755
7225264
3655623
7225102
7225952
7225066
7225811
7225662
7225089
7225455
7225908
7225755
7225264
3655623
7225102
7225952
7225066
7225811
7225662
7225089
